30:30
100000000000000010000000000000
100000000000000010000000000000
111111100000000010000000000000
000000100000000010000000000000
000000100000000050000000000000
000000100000000010000000000000
000000100000000010000000000000
000000100000000010000000000000
000000100000000010000000001116
000000100000000010000000001000
000000100000000010000000001000
000000111111511110000000001000
000000000000000010000000001000
000000000000000010000000001000
000000000000000010000000001000
000000000000000010000000001000
000000000000000010000000001000
000000000000000010000001111000
000000000000000010000001000000
000000000000000010000001000000
000000000000000010000001000000
000000000000000010000001000000
000000000000000010000001000000
000000111111111110000001000000
000000100000000000000001000000
000000100000000000000001000000
000000100000000000000001000000
000000111111151111111111000000
000000000000000000000000000000
000000000000000000000000000000