60:60
100000000000000010000000000000100000000000000010000000000000
100000000000000010000000000000100000000000000010000000000000
111111100000000010000000000000111111100000000050000000000000
000000100000000010000000000000100000100000000010000000000000
000000100000000010000000000000100000100000000010000000000000
000000100000000010000000000000500000100000000010000000000000
000000100000000050000000000000100000100000000010000000000000
000000100000000010000000000000100000100000000010000000000000
000000100000000010000000001111100000100000000010000000001116
000000100000000010000000001000000000100000000010000000001000
000000100000000010000000001000000000100000000010000000001000
000000111111111110000000001000000000111111111110000000001000
000000000000000010000000001000000000000000000010000000001000
000000000000000010000000001000000000000000000010000000001000
000000000000000010000000001000000000000000000010000000001000
000000000000000010000000001000000000000000000010000000001000
000000000000000010000000001000000000000000000010000000001000
000000000000000010000001111000000000000000000010000001111000
000000000000000010000001000000000000000000000010000001000000
000000000000000010000001000000000000000000000010000001000000
000000000000000010000001000000000000000000000010000001000000
000000000000000010000001000000000000000000000010000001000000
000000000000000010000001000000000000000000000010000001000000
000000111115111110000001000000000000111511111110000001000000
000000100000000000000001000000000000100000000000000001000000
000000100000000000000001111111111111100000000000000001000000
000000100000000000000001000000100000100000000000000001000000
000000111111111111111111000000100000111111111111111111000000
000000000000000000000000000000100000000000000000000000000000
000000000000000000000000000000100000000000000000000000000000
500000000000000010000000000000100000000000000010000000000000
100000000000000010000000000000100000000000000010000000000000
111111100000000010000000000000111111100000000010000000000000
000000100000000010000000000000100000100000000010000000000000
000000100000000010000000000000100000100000000010000000000000
000000100000000010000000000000100000100000000010000000000000
000000100000000010000000000000100000100000000010000000000000
000000100000000010000000000000100000100000000010000000000000
000000100000000010000000001111100000100000000010000000001111
000000100000000010000000001000000000100000000010000000001000
000000100000000010000000001000000000100000000010000000001000
000000111111111110000000001000000000111111111110000000001000
000000000000000010000000001000000000000000000010000000001000
000000000000000010000000001000000000000000000010000000001000
000000000000000010000000001000000000000000000010000000001000
000000000000000010000000001000000000000000000010000000001000
000000000000000010000000001000000000000000000010000000001000
000000000000000010000001111000000000000000000050000001111000
000000000000000010000001000000000000000000000010000001000000
000000000000000010000001000000000000000000000010000001000000
000000000000000010000001000000000000000000000010000001000000
000000000000000010000001000000000000000000000010000001000000
000000000000000010000001000000000000000000000010000001000000
000000111111111110000001000000000000111111111110000001000000
000000100000000000000001000000000000100000000000000001000000
000000100000000000000001000000000000100000000000000001000000
000000100000000000000001000000000000100000000000000001000000
000000111111115111111111000000000000111111111111111111000000
000000000000000000000000000000000000000000000000000000000000
000000000000000000000000000000000000000000000000000000000000